Calculating with half devision method
Count of iterations = 7
Iteration         a         b         x      f(a)      f(b)      f(x)   |a - b| 
        0     1.000     2.000     1.500    -5.530    39.430     9.991     1.000 
        1     1.000     1.500     1.250    -5.530     9.991     0.700     0.500 
        2     1.000     1.250     1.125    -5.530     0.700    -2.772     0.250 
        3     1.125     1.250     1.188    -2.772     0.700    -1.129     0.125 
        4     1.188     1.250     1.219    -1.129     0.700    -0.238     0.062 
        5     1.219     1.250     1.234    -0.238     0.700     0.225     0.031 
        6     1.219     1.234     1.227    -0.238     0.225    -0.008     0.016 
1.23046875
